convergence: true
iter_num: 7
opt_et_basis: 2 3 (0.97907,-0.00896742) (0.898217,-0.633991)
coef: (-1.67219,0.413624)
coef: (-0.615652,0.319118)
coef: (0.151991,0.0835144)
alpha: (-4.86336,0.753384)
read_time: 0.000325
calc_time: 0.00883
