convergence: true
iter_num: 14
opt_basis: 2 (0.964095,-0.0600633)
opt_basis: 2 (0.664185,-1.11116)
coef: (-2.00517,0.600012)
coef: (0.425609,-0.0661264)
alpha: (-4.86381,0.755562)
read_time: 0.000703
calc_time: 0.008057
