convergence: true
iter_num: 5
opt_et_basis: 2 2 (0.964095,-0.0600633) (0.757783,-1.10533)
coef: (-2.00517,0.600012)
coef: (0.425609,-0.0661265)
alpha: (-4.86381,0.755562)
read_time: 0.000329
calc_time: 0.003572
